Number of path segments
0
Mode x y z pmod param
1 0.14 0.00475 0.07500000 0 3.0 
0 0.02 0.00475 0.07500000 1 0.003935
1 0.14 0.00775 0.07500000 0 18.0
0 0.02 0.00775 0.07500000 1 0.003935
1 0.02 0.00775 0.07500000 0 15.0
1 0.02 0.00775 0.07656250 0 3.0 
0 0.14 0.00775 0.07656250 1 0.003935
1 0.02 0.00475 0.07656250 0 18.0
0 0.14 0.00475 0.07656250 1 0.003935
1 0.14 0.00475 0.07656250 0 15.0
1 0.14 0.00475 0.07812500 0 3.0 
0 0.02 0.00475 0.07812500 1 0.003935
1 0.14 0.00775 0.07812500 0 18.0
0 0.02 0.00775 0.07812500 1 0.003935
1 0.02 0.00775 0.07812500 0 15.0
1 0.02 0.00775 0.07968750 0 3.0 
0 0.14 0.00775 0.07968750 1 0.003935
1 0.02 0.00475 0.07968750 0 18.0
0 0.14 0.00475 0.07968750 1 0.003935
1 0.14 0.00475 0.07968750 0 15.0
1 0.14 0.00475 0.08125000 0 3.0 
0 0.02 0.00475 0.08125000 1 0.003935
1 0.14 0.00775 0.08125000 0 18.0
0 0.02 0.00775 0.08125000 1 0.003935
1 0.02 0.00775 0.08125000 0 15.0
1 0.02 0.00775 0.08281250 0 3.0 
0 0.14 0.00775 0.08281250 1 0.003935
1 0.02 0.00475 0.08281250 0 18.0
0 0.14 0.00475 0.08281250 1 0.003935
1 0.14 0.00475 0.08281250 0 15.0
1 0.14 0.00475 0.08437500 0 3.0 
0 0.02 0.00475 0.08437500 1 0.003935
1 0.14 0.00775 0.08437500 0 18.0
0 0.02 0.00775 0.08437500 1 0.003935
1 0.02 0.00775 0.08437500 0 15.0
1 0.02 0.00775 0.08593750 0 3.0 
0 0.14 0.00775 0.08593750 1 0.003935
1 0.02 0.00475 0.08593750 0 18.0
0 0.14 0.00475 0.08593750 1 0.003935
1 0.14 0.00475 0.08593750 0 15.0
1 0.14 0.00475 0.08750000 0 3.0 
0 0.02 0.00475 0.08750000 1 0.003935
1 0.14 0.00775 0.08750000 0 18.0
0 0.02 0.00775 0.08750000 1 0.003935
1 0.02 0.00775 0.08750000 0 15.0
1 0.02 0.00775 0.08906250 0 3.0 
0 0.14 0.00775 0.08906250 1 0.003935
1 0.02 0.00475 0.08906250 0 18.0
0 0.14 0.00475 0.08906250 1 0.003935
1 0.14 0.00475 0.08906250 0 15.0
1 0.14 0.00475 0.09062500 0 3.0 
0 0.02 0.00475 0.09062500 1 0.003935
1 0.14 0.00775 0.09062500 0 18.0
0 0.02 0.00775 0.09062500 1 0.003935
1 0.02 0.00775 0.09062500 0 15.0
1 0.02 0.00775 0.09218750 0 3.0 
0 0.14 0.00775 0.09218750 1 0.003935
1 0.02 0.00475 0.09218750 0 18.0
0 0.14 0.00475 0.09218750 1 0.003935
1 0.14 0.00475 0.09218750 0 15.0
1 0.14 0.00475 0.09375000 0 3.0 
0 0.02 0.00475 0.09375000 1 0.003935
1 0.14 0.00775 0.09375000 0 18.0
0 0.02 0.00775 0.09375000 1 0.003935
1 0.02 0.00775 0.09375000 0 15.0
1 0.02 0.00775 0.09531250 0 3.0 
0 0.14 0.00775 0.09531250 1 0.003935
1 0.02 0.00475 0.09531250 0 18.0
0 0.14 0.00475 0.09531250 1 0.003935
1 0.14 0.00475 0.09531250 0 15.0
1 0.14 0.00475 0.09687500 0 3.0 
0 0.02 0.00475 0.09687500 1 0.003935
1 0.14 0.00775 0.09687500 0 18.0
0 0.02 0.00775 0.09687500 1 0.003935
1 0.02 0.00775 0.09687500 0 15.0
1 0.02 0.00775 0.09843750 0 3.0 
0 0.14 0.00775 0.09843750 1 0.003935
1 0.02 0.00475 0.09843750 0 18.0
0 0.14 0.00475 0.09843750 1 0.003935
1 0.14 0.00475 0.09843750 0 15.0
1 0.14 0.00475 0.10000000 0 3.0 
0 0.02 0.00475 0.10000000 1 0.003935
1 0.02 0.00775 0.10000000 0 18.0
0 0.14 0.00775 0.10000000 1 0.003935
1 0.14 0.00775 0.10000000 0 15.0
1 0.14 0.00775 0.10156250 0 3.0 
0 0.02 0.00775 0.10156250 1 0.003935
1 0.02 0.00475 0.10156250 0 18.0
0 0.14 0.00475 0.10156250 1 0.003935
1 0.14 0.00475 0.10156250 0 15.0
1 0.14 0.00475 0.10312500 0 3.0 
0 0.02 0.00475 0.10312500 1 0.003935
1 0.02 0.00775 0.10312500 0 18.0
0 0.14 0.00775 0.10312500 1 0.003935
1 0.14 0.00775 0.10312500 0 15.0
1 0.14 0.00775 0.10468750 0 3.0 
0 0.02 0.00775 0.10468750 1 0.003935
1 0.02 0.00475 0.10468750 0 18.0
0 0.14 0.00475 0.10468750 1 0.003935
1 0.14 0.00475 0.10468750 0 15.0
1 0.14 0.00475 0.10625000 0 3.0 
0 0.02 0.00475 0.10625000 1 0.003935
1 0.02 0.00775 0.10625000 0 18.0
0 0.14 0.00775 0.10625000 1 0.003935
1 0.14 0.00775 0.10625000 0 15.0
1 0.14 0.00775 0.10781250 0 3.0 
0 0.02 0.00775 0.10781250 1 0.003935
1 0.02 0.00475 0.10781250 0 18.0
0 0.14 0.00475 0.10781250 1 0.003935
1 0.14 0.00475 0.10781250 0 15.0
1 0.14 0.00475 0.10937500 0 3.0 
0 0.02 0.00475 0.10937500 1 0.003935
1 0.02 0.00775 0.10937500 0 18.0
0 0.14 0.00775 0.10937500 1 0.003935
1 0.14 0.00775 0.10937500 0 15.0
1 0.14 0.00775 0.11093750 0 3.0 
0 0.02 0.00775 0.11093750 1 0.003935
1 0.02 0.00475 0.11093750 0 18.0
0 0.14 0.00475 0.11093750 1 0.003935
1 0.14 0.00475 0.11093750 0 15.0
1 0.14 0.00475 0.11250000 0 3.0 
0 0.02 0.00475 0.11250000 1 0.003935
1 0.02 0.00775 0.11250000 0 18.0
0 0.14 0.00775 0.11250000 1 0.003935
1 0.14 0.00775 0.11250000 0 15.0
1 0.14 0.00775 0.11406250 0 3.0 
0 0.02 0.00775 0.11406250 1 0.003935
1 0.02 0.00475 0.11406250 0 18.0
0 0.14 0.00475 0.11406250 1 0.003935
1 0.14 0.00475 0.11406250 0 15.0
1 0.14 0.00475 0.11562500 0 3.0 
0 0.02 0.00475 0.11562500 1 0.003935
1 0.02 0.00775 0.11562500 0 18.0
0 0.14 0.00775 0.11562500 1 0.003935
1 0.14 0.00775 0.11562500 0 15.0
1 0.14 0.00775 0.11718750 0 3.0 
0 0.02 0.00775 0.11718750 1 0.003935
1 0.02 0.00475 0.11718750 0 18.0
0 0.14 0.00475 0.11718750 1 0.003935
1 0.14 0.00475 0.11718750 0 15.0
1 0.14 0.00475 0.11875000 0 3.0 
0 0.02 0.00475 0.11875000 1 0.003935
1 0.02 0.00775 0.11875000 0 18.0
0 0.14 0.00775 0.11875000 1 0.003935
1 0.14 0.00775 0.11875000 0 15.0
1 0.14 0.00775 0.12031250 0 3.0 
0 0.02 0.00775 0.12031250 1 0.003935
1 0.02 0.00475 0.12031250 0 18.0
0 0.14 0.00475 0.12031250 1 0.003935
1 0.14 0.00475 0.12031250 0 15.0
1 0.14 0.00475 0.12187500 0 3.0 
0 0.02 0.00475 0.12187500 1 0.003935
1 0.02 0.00775 0.12187500 0 18.0
0 0.14 0.00775 0.12187500 1 0.003935
1 0.14 0.00775 0.12187500 0 15.0
1 0.14 0.00775 0.12343750 0 3.0 
0 0.02 0.00775 0.12343750 1 0.003935
1 0.02 0.00475 0.12343750 0 18.0
0 0.14 0.00475 0.12343750 1 0.003935
1 0.14 0.00475 0.12343750 0 15.0
1 0.14 0.00475 0.12500000 0 3.0 
0 0.02 0.00475 0.12500000 1 0.003935
1 0.14 0.00775 0.12500000 0 18.0
0 0.02 0.00775 0.12500000 1 0.003935
1 0.02 0.00775 0.12500000 0 15.0
1 0.02 0.00775 0.12656250 0 3.0 
0 0.14 0.00775 0.12656250 1 0.003935
1 0.02 0.00475 0.12656250 0 18.0
0 0.14 0.00475 0.12656250 1 0.003935
1 0.14 0.00475 0.12656250 0 15.0
1 0.14 0.00475 0.12812500 0 3.0 
0 0.02 0.00475 0.12812500 1 0.003935
1 0.14 0.00775 0.12812500 0 18.0
0 0.02 0.00775 0.12812500 1 0.003935
1 0.02 0.00775 0.12812500 0 15.0
1 0.02 0.00775 0.12968750 0 3.0 
0 0.14 0.00775 0.12968750 1 0.003935
1 0.02 0.00475 0.12968750 0 18.0
0 0.14 0.00475 0.12968750 1 0.003935
1 0.14 0.00475 0.12968750 0 15.0
1 0.14 0.00475 0.13125000 0 3.0 
0 0.02 0.00475 0.13125000 1 0.003935
1 0.14 0.00775 0.13125000 0 18.0
0 0.02 0.00775 0.13125000 1 0.003935
1 0.02 0.00775 0.13125000 0 15.0
1 0.02 0.00775 0.13281250 0 3.0 
0 0.14 0.00775 0.13281250 1 0.003935
1 0.02 0.00475 0.13281250 0 18.0
0 0.14 0.00475 0.13281250 1 0.003935
1 0.14 0.00475 0.13281250 0 15.0
1 0.14 0.00475 0.13437500 0 3.0 
0 0.02 0.00475 0.13437500 1 0.003935
1 0.14 0.00775 0.13437500 0 18.0
0 0.02 0.00775 0.13437500 1 0.003935
1 0.02 0.00775 0.13437500 0 15.0
1 0.02 0.00775 0.13593750 0 3.0 
0 0.14 0.00775 0.13593750 1 0.003935
1 0.02 0.00475 0.13593750 0 18.0
0 0.14 0.00475 0.13593750 1 0.003935
1 0.14 0.00475 0.13593750 0 15.0
1 0.14 0.00475 0.13750000 0 3.0 
0 0.02 0.00475 0.13750000 1 0.003935
1 0.14 0.00775 0.13750000 0 18.0
0 0.02 0.00775 0.13750000 1 0.003935
1 0.02 0.00775 0.13750000 0 15.0
1 0.02 0.00775 0.13906250 0 3.0 
0 0.14 0.00775 0.13906250 1 0.003935
1 0.02 0.00475 0.13906250 0 18.0
0 0.14 0.00475 0.13906250 1 0.003935
1 0.14 0.00475 0.13906250 0 15.0
1 0.14 0.00475 0.14062500 0 3.0 
0 0.02 0.00475 0.14062500 1 0.003935
1 0.14 0.00775 0.14062500 0 18.0
0 0.02 0.00775 0.14062500 1 0.003935
1 0.02 0.00775 0.14062500 0 15.0
1 0.02 0.00775 0.14218750 0 3.0 
0 0.14 0.00775 0.14218750 1 0.003935
1 0.02 0.00475 0.14218750 0 18.0
0 0.14 0.00475 0.14218750 1 0.003935
1 0.14 0.00475 0.14218750 0 15.0
1 0.14 0.00475 0.14375000 0 3.0 
0 0.02 0.00475 0.14375000 1 0.003935
1 0.14 0.00775 0.14375000 0 18.0
0 0.02 0.00775 0.14375000 1 0.003935
1 0.02 0.00775 0.14375000 0 15.0
1 0.02 0.00775 0.14531250 0 3.0 
0 0.14 0.00775 0.14531250 1 0.003935
1 0.02 0.00475 0.14531250 0 18.0
0 0.14 0.00475 0.14531250 1 0.003935
1 0.14 0.00475 0.14531250 0 15.0
1 0.14 0.00475 0.14687500 0 3.0 
0 0.02 0.00475 0.14687500 1 0.003935
1 0.14 0.00775 0.14687500 0 18.0
0 0.02 0.00775 0.14687500 1 0.003935
1 0.02 0.00775 0.14687500 0 15.0
1 0.02 0.00775 0.14843750 0 3.0 
0 0.14 0.00775 0.14843750 1 0.003935
1 0.02 0.00475 0.14843750 0 18.0
0 0.14 0.00475 0.14843750 1 0.003935
1 0.14 0.00475 0.14843750 0 15.0
1 0.14 0.00475 0.15000000 0 3.0 
0 0.02 0.00475 0.15000000 1 0.003935
1 0.02 0.00775 0.15000000 0 18.0
0 0.14 0.00775 0.15000000 1 0.003935
1 0.14 0.00775 0.15000000 0 15.0
1 0.14 0.00475 0.15156250 0 3.0 
0 0.02 0.00475 0.15156250 1 0.003935
1 0.02 0.00775 0.15156250 0 18.0
0 0.14 0.00775 0.15156250 1 0.003935
1 0.14 0.00775 0.15156250 0 15.0
1 0.14 0.00475 0.15312500 0 3.0 
0 0.02 0.00475 0.15312500 1 0.003935
1 0.02 0.00775 0.15312500 0 18.0
0 0.14 0.00775 0.15312500 1 0.003935
1 0.14 0.00775 0.15312500 0 15.0
1 0.14 0.00475 0.15468750 0 3.0 
0 0.02 0.00475 0.15468750 1 0.003935
1 0.02 0.00775 0.15468750 0 18.0
0 0.14 0.00775 0.15468750 1 0.003935
1 0.14 0.00775 0.15468750 0 15.0
1 0.14 0.00475 0.15625000 0 3.0 
0 0.02 0.00475 0.15625000 1 0.003935
1 0.02 0.00775 0.15625000 0 18.0
0 0.14 0.00775 0.15625000 1 0.003935
1 0.14 0.00775 0.15625000 0 15.0
1 0.14 0.00475 0.15781250 0 3.0 
0 0.02 0.00475 0.15781250 1 0.003935
1 0.02 0.00775 0.15781250 0 18.0
0 0.14 0.00775 0.15781250 1 0.003935
1 0.14 0.00775 0.15781250 0 15.0
1 0.14 0.00475 0.15937500 0 3.0 
0 0.02 0.00475 0.15937500 1 0.003935
1 0.02 0.00775 0.15937500 0 18.0
0 0.14 0.00775 0.15937500 1 0.003935
1 0.14 0.00775 0.15937500 0 15.0
1 0.14 0.00475 0.16093750 0 3.0 
0 0.02 0.00475 0.16093750 1 0.003935
1 0.02 0.00775 0.16093750 0 18.0
0 0.14 0.00775 0.16093750 1 0.003935
1 0.14 0.00775 0.16093750 0 15.0
1 0.14 0.00475 0.16250000 0 3.0 
0 0.02 0.00475 0.16250000 1 0.003935
1 0.02 0.00775 0.16250000 0 18.0
0 0.14 0.00775 0.16250000 1 0.003935
1 0.14 0.00775 0.16250000 0 15.0
1 0.14 0.00475 0.16406250 0 3.0 
0 0.02 0.00475 0.16406250 1 0.003935
1 0.02 0.00775 0.16406250 0 18.0
0 0.14 0.00775 0.16406250 1 0.003935
1 0.14 0.00775 0.16406250 0 15.0
1 0.14 0.00475 0.16562500 0 3.0 
0 0.02 0.00475 0.16562500 1 0.003935
1 0.02 0.00775 0.16562500 0 18.0
0 0.14 0.00775 0.16562500 1 0.003935
1 0.14 0.00775 0.16562500 0 15.0
1 0.14 0.00475 0.16718750 0 3.0 
0 0.02 0.00475 0.16718750 1 0.003935
1 0.02 0.00775 0.16718750 0 18.0
0 0.14 0.00775 0.16718750 1 0.003935
1 0.14 0.00775 0.16718750 0 15.0
1 0.14 0.00475 0.16875000 0 3.0 
0 0.02 0.00475 0.16875000 1 0.003935
1 0.02 0.00775 0.16875000 0 18.0
0 0.14 0.00775 0.16875000 1 0.003935
1 0.14 0.00775 0.16875000 0 15.0
1 0.14 0.00475 0.17031250 0 3.0 
0 0.02 0.00475 0.17031250 1 0.003935
1 0.02 0.00775 0.17031250 0 18.0
0 0.14 0.00775 0.17031250 1 0.003935
1 0.14 0.00775 0.17031250 0 15.0
1 0.14 0.00475 0.17187500 0 3.0 
0 0.02 0.00475 0.17187500 1 0.003935
1 0.02 0.00775 0.17187500 0 18.0
0 0.14 0.00775 0.17187500 1 0.003935
1 0.14 0.00775 0.17187500 0 15.0
1 0.14 0.00475 0.17343750 0 3.0 
0 0.02 0.00475 0.17343750 1 0.003935
1 0.02 0.00775 0.17343750 0 18.0
0 0.14 0.00775 0.17343750 1 0.003935
1 0.14 0.00775 0.17343750 0 15.0